# Freq in Hz, nu L nu, err up, err lo [ergs / s]
1117000000 5.54737e+33 5.21452e+33 5.88021e+33 1
1117000000 5.29248e+33 5.08078e+33 5.50418e+33 1
1190000000 5.58141e+33 5.35815e+33 5.80467e+33 1
1304000000 6.1161e+33 5.74913e+33 6.48307e+33 1
1304000000 6.41065e+33 6.02601e+33 6.79529e+33 1
1400000000 6.60024e+33 6.27023e+33 6.93025e+33 1
1400040000 5.60257e+33 4.42736e+33 6.77778e+33 1
1765000000 7.94042e+33 7.5037e+33 8.37714e+33 1
1765000000 8.32283e+33 7.82346e+33 8.8222e+33 1
2000000000 8.43539e+33 7.92927e+33 8.94152e+33 1
2000000000 8.04045e+33 7.79923e+33 8.28166e+33 1
2290000000 8.87752e+33 8.43364e+33 9.32139e+33 1
2290000000 9.31358e+33 8.75476e+33 9.87239e+33 1
2740000000 1.04253e+34 9.85191e+33 1.09987e+34 1
2740000000 1.09374e+34 1.02811e+34 1.15936e+34 1
3150000000 1.11542e+34 1.07638e+34 1.15446e+34 1
3150000000 1.05531e+34 1.02365e+34 1.08697e+34 1
3200000000 1.08737e+34 1.03844e+34 1.13631e+34 1
3380000000 1.16148e+34 1.0976e+34 1.22536e+34 1
3380000000 1.21853e+34 1.14539e+34 1.29168e+34 1
3960000000 1.22433e+34 1.16924e+34 1.27943e+34 1
3960000000 1.28447e+34 1.20732e+34 1.36162e+34 1
4080000000 1.38836e+34 1.35504e+34 1.42168e+34 1
4080000000 1.41704e+34 1.37455e+34 1.45953e+34 1
4800130000 1.38065e+34 1.091066e+34 1.670234e+34 1
5000000000 1.72357e+34 1.63739e+34 1.80974e+34 1
5680000000 1.75611e+34 1.66479e+34 1.84743e+34 1
6660000000 1.83917e+34 1.78399e+34 1.89434e+34 1
6660000000 1.94283e+34 1.87484e+34 2.01083e+34 1
8250000000 2.22297e+34 2.14294e+34 2.303e+34 1
8250000000 2.34425e+34 2.25057e+34 2.43794e+34 1
9360000000 2.50862e+34 2.43336e+34 2.58388e+34 1
13490000000 3.35727e+34 3.23977e+34 3.47477e+34 1
13490000000 3.54602e+34 3.41136e+34 3.68069e+34 1
15500000000 3.60641e+34 3.41866e+34 3.79416e+34 1
15500000000 3.41982e+34 3.25567e+34 3.58397e+34 1
16000000000 3.58395e+34 3.45887e+34 3.70903e+34 1
16000000000 3.42293e+34 3.32025e+34 3.52562e+34 1
22285000000 4.41647e+34 4.23847e+34 4.59446e+34 1
22500000000 4.504e+34 4.38045e+34 4.62756e+34 1
31410000000 6.12765e+34 4.98762e+34 7.26767e+34 1
32800000000 5.73352e+34 5.63978e+34 5.82725e+34 1
34900000000 5.97617e+34 4.78094e+34 7.17141e+34 1
34900000000 5.67904e+34 5.11114e+34 6.24695e+34 1
40400000000 6.55979e+34 5.40523e+34 7.71434e+34 1
60200000000 8.66221e+34 8.46149e+34 8.86292e+34 1
92900000000 1.15532e+35 1.10665e+35 1.204e+35 1
111100000000 1.60738e+35 1.41338e+35 1.80137e+35 1
143000000000 1.57862e+35 1.35759e+35 1.79966e+35 1
149900000000 1.74534e+35 1.570519e+35 1.920161e+35 1
217000000000 1.88309e+35 1.48763e+35 2.27855e+35 1
230609580000 2.8696e+35 2.29568e+35 3.44352e+35 1
599600000000 3.07916e+35 2.906497e+35 3.251823e+35 1
856571000000 4.37002e+35 4.123358e+35 4.616682e+35 1
1.1992e+12 6.37127e+35 5.985656e+35 6.756884e+35 1
1.87375e+12 1.49911e+36 1.37321e+36 1.62501e+36 1
2.998e+12 2.99571e+36 2.729521e+36 3.261899e+36 1
4.28286e+12 4.54063e+36 4.139805e+36 4.941455e+36 1
4.28286e+12 3.78009e+36 3.397764e+36 4.162416e+36 1
1.24917e+13 3.51921e+36 3.345348e+36 3.693072e+36 1
1.36273e+13 4.05497e+36 3.81298e+36 4.29696e+36 1
2.49833e+13 3.86094e+36 3.693073e+36 4.028807e+36 1
3.7475e+13 3.54319e+36 3.183475e+36 3.902905e+36 1
5.16897e+13 3.79561e+36 3.249836e+36 4.341384e+36 1
6.51739e+13 4.41042e+36 4.285302e+36 4.535538e+36 1
6.66222e+13 4.63633e+36 4.124735e+36 5.147925e+36 1
8.32778e+13 4.7962e+36 4.276612e+36 5.315788e+36 1
8.81765e+13 4.73977e+36 4.612812e+36 4.866728e+36 1
3.2464019e+14 8.34187168e+36 6.81824215e+36 9.86550121e+36 1
4.65116279e+14 7.46644775e+36 6.21683307e+36 8.71606244e+36 1
5.59284116e+14 7.49673038e+36 6.07890903e+36 8.91455172e+36 1
7.87815126e+14 7.7950463e+36 6.3425532e+36 9.2475394e+36 1
7.26e+16 8.7764556e+36 8.6728212e+36 8.881018e+36 1
7.986e+16 8.678308e+36 8.5799168e+36 8.7775112e+36 1
8.7846e+16 8.5812508e+36 8.48801e+36 8.6752108e+36 1
9.66306e+16 8.485284e+36 8.3970776e+36 8.5741052e+36 1
1.06294e+17 8.3903844e+36 8.3071312e+36 8.4741828e+36 1
1.16923e+17 8.296552e+36 8.2181476e+36 8.3754204e+36 1
1.28615e+17 8.2037636e+36 8.1301036e+36 8.2778064e+36 1
1.41477e+17 8.1120192e+36 8.0430108e+36 8.1813292e+36 1
1.55625e+17 8.0212956e+36 7.9568576e+36 8.0859772e+36 1
1.71187e+17 7.9315812e+36 7.8716208e+36 7.9917388e+36 1
1.88306e+17 7.8428876e+36 7.7873004e+36 7.8985908e+36 1
2.07136e+17 7.7551684e+36 7.7038732e+36 7.8065448e+36 1
2.2785e+17 7.6684352e+36 7.6213508e+36 7.7155544e+36 1
2.50635e+17 7.5826764e+36 7.5370652e+36 7.6283108e+36 1
2.75698e+17 7.4978804e+36 7.44923e+36 7.5465888e+36 1
3.03268e+17 7.414024e+36 7.362404e+36 7.4657484e+36 1
3.33595e+17 7.3311072e+36 7.2765988e+36 7.385778e+36 1
3.66955e+17 7.2491184e+36 7.1917912e+36 7.3066544e+36 1
4.0365e+17 7.168046e+36 7.1079696e+36 7.2283892e+36 1
4.44015e+17 7.08789e+36 7.025134e+36 7.1509592e+36 1
4.88416e+17 7.0086156e+36 6.9432612e+36 7.0743528e+36 1
5.37258e+17 6.9302344e+36 6.8623396e+36 6.99857e+36 1
5.90984e+17 6.8527348e+36 6.7823576e+36 6.9235992e+36 1
6.50082e+17 6.7760936e+36 6.7033152e+36 6.8494288e+36 1
7.15091e+17 6.7003108e+36 6.6251892e+36 6.7760588e+36 1
7.866e+17 6.6253748e+36 6.547968e+36 6.703466e+36 1
8.6526e+17 6.5512856e+36 6.4716516e+36 6.631662e+36 1
9.51786e+17 6.47802e+36 6.3962284e+36 6.5606236e+36 1
1.04696e+18 6.4055664e+36 6.3216868e+36 6.4903392e+36 1
1.15166e+18 6.3339364e+36 6.2480036e+36 6.4208204e+36 1
1.26683e+18 6.2630952e+36 6.1751904e+36 6.3520324e+36 1
1.39351e+18 6.1930544e+36 6.103224e+36 6.2839868e+36 1
1.53286e+18 6.1237908e+36 6.0320928e+36 6.216672e+36 1
1.68615e+18 6.0553044e+36 5.9617852e+36 6.1500764e+36 1
1.85476e+18 5.9875836e+36 5.8923012e+36 6.0842e+36 1
2.04024e+18 5.9206168e+36 5.8236292e+36 6.0190196e+36 1
2.24426e+18 5.854404e+36 5.7557576e+36 5.9545468e+36 1
6.3525e+18 5.142828e+36 5.16912e+36 5.116512e+36 1
6.8365e+18 5.148792e+36 5.169072e+36 5.128524e+36 1
7.3205e+18 5.08278e+36 5.102604e+36 5.062944e+36 1
7.8045e+18 5.097876e+36 5.117724e+36 5.078028e+36 1
8.2885e+18 5.12682e+36 5.147016e+36 5.106612e+36 1
8.7725e+18 5.186664e+36 5.207496e+36 5.16582e+36 1
9.2565e+18 5.134296e+36 5.155932e+36 5.11266e+36 1
9.7405e+18 5.080692e+36 5.10336e+36 5.058012e+36 1
1.02245e+19 5.085732e+36 5.109684e+36 5.06178e+36 1
1.07085e+19 5.171112e+36 5.196816e+36 5.145396e+36 1
1.11925e+19 5.065776e+36 5.09388e+36 5.037696e+36 1
1.1737e+19 5.030472e+36 5.05782e+36 5.003124e+36 1
1.2342e+19 4.983804e+36 5.019648e+36 4.947972e+36 1
1.30075e+19 4.955232e+36 5.029656e+36 4.880796e+36 1
1.37335e+19 4.78422e+36 4.843392e+36 4.72506e+36 1
1.43385e+19 4.837128e+36 4.916988e+36 4.757256e+36 1
1.48225e+19 4.873044e+36 4.959732e+36 4.786344e+36 1
1.53065e+19 5.02422e+36 5.12844e+36 4.92e+36 1
1.59115e+19 5.025924e+36 5.147544e+36 4.904316e+36 1
1.66375e+19 4.850544e+36 4.916016e+36 4.785084e+36 1
1.73635e+19 4.80282e+36 4.846044e+36 4.759596e+36 1
1.80895e+19 4.771752e+36 4.816272e+36 4.727244e+36 1
1.88155e+19 4.772028e+36 4.817568e+36 4.726476e+36 1
1.95415e+19 4.866624e+36 4.911828e+36 4.82142e+36 1
2.02675e+19 4.842336e+36 4.891704e+36 4.792944e+36 1
2.09935e+19 4.7472e+36 4.80228e+36 4.692108e+36 1
2.17195e+19 4.69968e+36 4.763844e+36 4.635516e+36 1
2.24455e+19 4.364712e+36 4.499304e+36 4.230144e+36 1
2.31715e+19 4.6977e+36 4.789812e+36 4.605588e+36 1
2.38975e+19 4.800732e+36 4.886112e+36 4.715352e+36 1
2.4684e+19 4.711284e+36 4.80162e+36 4.620936e+36 1
2.5531e+19 4.616808e+36 4.683744e+36 4.549872e+36 1
2.6378e+19 4.501908e+36 4.570032e+36 4.433772e+36 1
2.7225e+19 4.632168e+36 4.704564e+36 4.559784e+36 1
2.8072e+19 4.528956e+36 4.6065e+36 4.451412e+36 1
2.8919e+19 4.652664e+36 4.742124e+36 4.563192e+36 1
2.9766e+19 4.4949e+36 4.588812e+36 4.400988e+36 1
3.0734e+19 4.548936e+36 4.633896e+36 4.463976e+36 1
3.1823e+19 4.430256e+36 4.52544e+36 4.335072e+36 1
3.2912e+19 4.499736e+36 4.629552e+36 4.36992e+36 1
3.38195e+19 4.190676e+36 4.626564e+36 3.754788e+36 1
3.4727e+19 4.211712e+36 4.391988e+36 4.031412e+36 1
3.5816e+19 4.385688e+36 4.501692e+36 4.269672e+36 1
3.6905e+19 4.406088e+36 4.52208e+36 4.290096e+36 1
3.7994e+19 4.298472e+36 4.426368e+36 4.170588e+36 1
3.9083e+19 4.230216e+36 4.37304e+36 4.087404e+36 1
4.0293e+19 4.157988e+36 4.286124e+36 4.029876e+36 1
4.1624e+19 4.118772e+36 4.271424e+36 3.96612e+36 1
4.2955e+19 3.956796e+36 4.130892e+36 3.7827e+36 1
4.4286e+19 4.109676e+36 4.30074e+36 3.918612e+36 1
4.5617e+19 3.671928e+36 3.881532e+36 3.462324e+36 1
4.6948e+19 3.646248e+36 3.970368e+36 3.32214e+36 1
4.79765e+19 3.30006e+36 4.50726e+36 2.09286e+36 1
5.082e+19 4.114248e+36 4.23546e+36 3.993036e+36 1
5.57205e+19 4.070916e+36 4.196472e+36 3.945372e+36 1
6.05605e+19 3.838092e+36 3.9873e+36 3.688884e+36 1
6.54005e+19 3.737064e+36 3.923652e+36 3.550476e+36 1
7.02405e+19 3.258684e+36 3.47694e+36 3.04044e+36 1
7.56855e+19 3.650124e+36 3.892992e+36 3.407244e+36 1
8.17355e+19 3.765804e+36 4.0335e+36 3.498108e+36 1
8.77855e+19 3.730104e+36 4.043628e+36 3.416592e+36 1
9.38355e+19 3.215352e+36 3.587604e+36 2.843112e+36 1
9.98855e+19 4.034568e+36 4.46004e+36 3.609108e+36 1
1.05936e+20 3.974292e+36 4.50924e+36 3.439344e+36 1
1.11986e+20 3.70356e+36 4.304424e+36 3.102696e+36 1
1.18036e+20 2.987736e+36 3.668928e+36 2.306532e+36 1
1.24086e+20 2.867904e+36 3.61884e+36 2.116956e+36 1
1.30136e+20 2.801592e+36 3.48642e+36 2.116752e+36 1
1.36186e+20 2.749956e+36 3.559032e+36 1.94088e+36 1
1.42236e+20 5.577984e+36 6.537396e+36 4.618572e+36 1
1.48286e+20 2.936988e+36 3.912396e+36 1.96158e+36 1
1.54336e+20 4.553388e+36 5.592492e+36 3.514284e+36 1
1.6099e+20 2.010396e+36 3.064824e+36 9.55974e+35 1
1.6946e+20 1.646868e+36 2.899632e+36 3.941244e+35 1
1.8035e+20 2.909616e+36 3.96186e+36 1.857372e+36 1
1.9366e+20 2.205984e+36 3.400896e+36 1.0110768e+36 1
2.07846096908e+20 1.92289882535e+36 1.85669457179e+36 1.98910307891e+36 1
2.0939e+20 2.777688e+36 4.163844e+36 1.391532e+36 1
2.683281573e+20 1.9377761857e+36 1.87082806412e+36 2.00472430728e+36 1
3.28633534503e+20 2.09584813943e+36 2.01588232754e+36 2.17581395131e+36 1
4.15692193817e+20 1.8358662673e+36 1.77635682589e+36 1.8953757087e+36 1
5.366563146e+20 1.51749075579e+36 1.44806307415e+36 1.58691843743e+36 1
6.57267069006e+20 1.61419359807e+36 1.53980679631e+36 1.68858039982e+36 1
8.31384387633e+20 1.56152774243e+36 1.49606735688e+36 1.62698812797e+36 1
1.17575507654e+21 1.45917150321e+36 1.40680319478e+36 1.51153981165e+36 1
1.66276877527e+21 1.35205450869e+36 1.28540393431e+36 1.41870508306e+36 1
2.1466252584e+21 1.29889274103e+36 1.2338290851e+36 1.36395639697e+36 1
2.93938769134e+21 1.09199824975e+36 1.0429029606e+36 1.14109353891e+36 1
5.09116882454e+21 8.97104829157e+35 8.39083123789e+35 9.55126534526e+35 1
2.69104e+22 1.42804e+35 1.26761e+35 1.64092e+35 1
3.5574e+22 1.12432e+35 9.98164e+34 1.24163e+35 1
4.58348e+22 5.60773e+34 4.88026e+34 6.31702e+34 1
6.05968e+22 3.7669e+34 3.21379e+34 4.24335e+34 1
8.00778e+22 2.03395e+34 1.63508e+34 2.38418e+34 1

